10     0.0754203       0.0815086          0.0950971    
20     0.150499       0.0573632          0.0564972    
30     0.225779       0.0439649          0.0448659    
40     0.303263       0.0387655          0.040141    
50     0.378393       0.0343534          0.0368918    
60     0.455694       0.0337232          0.0344909    
70     0.533833       0.0305758          0.0350634    
80     0.614416       0.0303026          0.0323432    
90     0.700135       0.0298109          0.0283623    
100     0.782562       0.0273235          0.0283062    
110     0.868544       0.0271137          0.0288397    
120     0.961379       0.0276559          0.0286494    
130     1.04978       0.0257777          0.0293079    
140     1.14474       0.0253434          0.0278466    
150     1.24485       0.0261605          0.0264027    
160     1.34414       0.0263849          0.0285447    
170     1.44626       0.0261082          0.030248    
180     1.55209       0.0254638          0.0302256    
190     1.66011       0.0247648          0.0299239    
200     1.77019       0.0244017          0.0296881    
210     1.88367       0.0247995          0.0292365    
220     1.99959       0.0257813          0.0286534    
230     2.11586       0.0267094          0.0280902    
240     2.22912       0.0266982          0.0277724    
250     2.34311       0.0263255          0.0276302    
260     2.46059       0.0254527          0.027714    
270     2.5809       0.0245109          0.0279937    
280     2.70128       0.0237641          0.0284138    
290     2.81906       0.0240485          0.029229    
300     2.93354       0.0249962          0.0299855    
310     3.04599       0.026064          0.0304359    
320     3.15705       0.0267253          0.0299628    
330     3.26674       0.0265215          0.0282918    
340     3.37382       0.0262696          0.0265    
350     3.47829       0.0259694          0.0245873    
360     3.5793       0.0264003          0.0237006    
370     3.67639       0.0271257          0.0234194    
380     3.76966       0.0279316          0.023457    
390     3.85911       0.0288179          0.0238133    
400     3.94414       0.0294062          0.024633    
450     4.30265       0.0305707          0.0259957    
500     4.55466       0.0303786          0.0222229    
550     4.71533       0.0308645          0.0227617    
600     4.7947       0.0341596          0.0184209    
650     4.8162       0.0355834          0.0184274    
700     4.79584       0.0368157          0.0183423    
750     4.74939       0.0383431          0.0167673    
800     4.6904       0.0389244          0.0160398    
850     4.62461       0.0394483          0.0162914    
900     4.55921       0.0403951          0.0174397    
950     4.4971       0.041857          0.0182726    
1000     4.44189       0.0434086          0.0182734    
1500     4.19601       0.0412015          0.0200451    
2000     4.29852       0.0418842          0.0211297    
2500     4.45982       0.0399346          0.0189171    
3000     4.56531       0.0374913          0.0201609    
3500     4.56876       0.0383418          0.0179827    
4000     4.53235       0.0392177          0.0179975    
4500     4.46331       0.0379271          0.0183836    
5000     4.41801       0.036053          0.0183583    
5500     4.39494       0.0363145          0.0188253    
6000     4.3798       0.0368357          0.0199172    
6500     4.37861       0.0339142          0.0204643    
7000     4.3943       0.0342101          0.019527    
7500     4.43222       0.033982          0.0200623    
8000     4.4899       0.0326551          0.0219621    
8500     4.55945       0.031933          0.022535    
9000     4.6378       0.0316275          0.0222831    
9500     4.72188       0.0314861          0.0218402    
