10     0.16016       0.0769415          0.0972407    
20     0.321799       0.0530071          0.0655444    
30     0.496315       0.0505137          0.0468515    
40     0.682824       0.0420416          0.0475711    
50     0.881822       0.0448986          0.0434485    
60     1.1043       0.0405842          0.0513551    
70     1.32795       0.0356943          0.0425851    
80     1.57395       0.0396766          0.0440225    
90     1.82058       0.0365897          0.043098    
100     2.06415       0.0398971          0.0425051    
110     2.30837       0.0473362          0.0394404    
120     2.54391       0.0428548          0.0440227    
130     2.75919       0.0392352          0.0411044    
140     2.95383       0.0371191          0.0397703    
150     3.12854       0.0376973          0.0404101    
160     3.28481       0.0414628          0.0399137    
170     3.4237       0.044589          0.0381486    
180     3.54389       0.0454036          0.035537    
190     3.63978       0.0446892          0.0337337    
200     3.71427       0.0434298          0.0324968    
210     3.77363       0.0423552          0.029918    
220     3.82225       0.0424596          0.0261794    
230     3.85829       0.0440098          0.0230766    
240     3.88202       0.048239          0.0230158    
250     3.89483       0.0522895          0.023663    
260     3.89584       0.054109          0.0240554    
270     3.88814       0.0533714          0.0237759    
280     3.87351       0.0518468          0.0235704    
290     3.85479       0.0507891          0.0241522    
300     3.8335       0.0505467          0.0251403    
310     3.80845       0.0505214          0.0260552    
320     3.77895       0.0507151          0.0263595    
330     3.74578       0.0509933          0.0256348    
340     3.71064       0.0512917          0.0247368    
350     3.67353       0.0516104          0.0236655    
360     3.63667       0.0519197          0.0231919    
370     3.60001       0.0520419          0.0229834    
380     3.56309       0.05196          0.0228407    
390     3.5259       0.0516742          0.0227638    
400     3.48808       0.0503125          0.0224707    
450     3.30835       0.0469049          0.0203717    
500     3.1538       0.0527702          0.0197083    
550     3.01915       0.0513099          0.0212473    
600     2.91318       0.0524271          0.0216376    
650     2.83659       0.0578781          0.0213238    
700     2.77739       0.0592005          0.0219386    
750     2.73195       0.0555423          0.023475    
800     2.70729       0.0534872          0.0244437    
850     2.69271       0.0529448          0.0245647    
900     2.68196       0.053981          0.0239133    
950     2.67918       0.0550455          0.02393    
1000     2.68361       0.055378          0.0250938    
1500     2.82625       0.0553531          0.0253282    
2000     2.8992       0.0522321          0.0228881    
2500     2.84589       0.0491462          0.024605    
3000     2.77678       0.0462657          0.02382    
3500     2.74398       0.0445415          0.0234333    
4000     2.73624       0.0454828          0.026276    
4500     2.77975       0.0472151          0.0259477    
5000     2.83343       0.0464127          0.0257659    
5500     2.90682       0.0434416          0.0272787    
6000     3.01626       0.0420216          0.0266782    
6500     3.15444       0.0415611          0.0249468    
7000     3.24161       0.0402461          0.0246889    
7500     3.33813       0.0381648          0.0250556    
8000     3.45652       0.0360317          0.0253099    
8500     3.57293       0.0353273          0.0242237    
9000     3.69209       0.0353902          0.0233339    
9500     3.81981       0.0354427          0.0243687    
