10     0.205569       0.0883987          0.0900586    
20     0.427629       0.0477093          0.0603548    
30     0.678256       0.0489734          0.0474063    
40     0.956904       0.0435042          0.0496993    
50     1.2746       0.048375          0.0585801    
60     1.60357       0.0458761          0.0540075    
70     1.92565       0.0454114          0.0623644    
80     2.23391       0.0454084          0.0465333    
90     2.52058       0.0456835          0.0402961    
100     2.76619       0.0451808          0.0378276    
110     2.9735       0.0480844          0.0415819    
120     3.15185       0.0552257          0.0395072    
130     3.28028       0.0513263          0.0410345    
140     3.3788       0.0507161          0.0373084    
150     3.45212       0.0522144          0.031106    
160     3.49853       0.0492492          0.0293511    
170     3.52285       0.0516062          0.0302505    
180     3.5302       0.0594008          0.0316822    
190     3.52227       0.0627682          0.0296425    
200     3.50371       0.0605913          0.025375    
210     3.47686       0.0571615          0.0240503    
220     3.44465       0.0550842          0.0264128    
230     3.40593       0.0541988          0.0286326    
240     3.36065       0.0561223          0.0263136    
250     3.31208       0.0584088          0.0237104    
260     3.26162       0.0596774          0.0228641    
270     3.21163       0.059473          0.0241589    
280     3.1616       0.0589118          0.0258534    
290     3.11246       0.058598          0.026679    
300     3.06455       0.0587621          0.0264035    
310     3.01745       0.0591307          0.0256611    
320     2.97078       0.0599379          0.0243883    
330     2.92469       0.0610717          0.0228755    
340     2.88       0.0620256          0.0213782    
350     2.8367       0.0627996          0.0198962    
360     2.79626       0.0620505          0.0188677    
370     2.75787       0.060876          0.0183068    
380     2.72112       0.0596897          0.0181262    
390     2.68602       0.0584915          0.0183261    
400     2.65133       0.0588894          0.0197021    
450     2.50488       0.0629036          0.0244174    
500     2.40271       0.0609356          0.0228602    
550     2.31987       0.0622836          0.0297878    
600     2.26701       0.0665262          0.0272282    
650     2.23849       0.069805          0.0271874    
700     2.21953       0.0662697          0.024452    
750     2.20609       0.0596014          0.0197882    
800     2.20487       0.0636762          0.0213608    
850     2.21513       0.0672492          0.0237196    
900     2.23354       0.0652031          0.0242758    
950     2.24879       0.0623223          0.0247887    
1000     2.25685       0.0607608          0.0257019    
1500     2.3899       0.0581439          0.0265327    
2000     2.33604       0.0561524          0.0272306    
2500     2.27422       0.054455          0.02461    
3000     2.23515       0.0508131          0.0282887    
3500     2.27655       0.0503013          0.0268805    
4000     2.32841       0.0487812          0.0310097    
4500     2.40957       0.047469          0.0311906    
5000     2.51747       0.0472012          0.0301567    
5500     2.62297       0.0446342          0.0307627    
6000     2.71779       0.0433003          0.030025    
6500     2.82097       0.042225          0.0277635    
7000     2.95072       0.0395944          0.0272463    
7500     3.09653       0.0390502          0.0273583    
8000     3.24672       0.0401397          0.0273948    
8500     3.38959       0.0387067          0.0267652    
9000     3.52204       0.0364625          0.0257124    
9500     3.6411       0.0354137          0.0245278    
