10     0.058906       0.0838008          0.0798957    
20     0.116502       0.0552825          0.0539567    
30     0.173613       0.0463876          0.0447267    
40     0.229733       0.0396725          0.0420118    
50     0.289057       0.0364347          0.0337504    
60     0.34457       0.0334941          0.0329051    
70     0.401423       0.0313143          0.0326131    
80     0.464993       0.029117          0.0282984    
90     0.522162       0.0277114          0.0272969    
100     0.581268       0.0263164          0.0268204    
110     0.639868       0.0250311          0.0282831    
120     0.703297       0.0237943          0.0265305    
130     0.766122       0.0249557          0.0257302    
140     0.831375       0.0239856          0.0259172    
150     0.897385       0.0221084          0.0260715    
160     0.961281       0.0225584          0.0249743    
170     1.02752       0.0226833          0.0248129    
180     1.09742       0.0219878          0.0257057    
190     1.16892       0.0221628          0.0254343    
200     1.24157       0.0230108          0.0241456    
210     1.31581       0.0232796          0.0235061    
220     1.3918       0.0226231          0.023913    
230     1.46948       0.0216963          0.0244115    
240     1.54886       0.0210404          0.0240615    
250     1.63012       0.0205925          0.0236482    
260     1.71382       0.0206246          0.0234792    
270     1.79943       0.0210029          0.0236439    
280     1.88623       0.0214365          0.0238898    
290     1.97304       0.021453          0.0241059    
300     2.05997       0.0211765          0.0241917    
310     2.14771       0.0208939          0.0241835    
320     2.23689       0.0208256          0.0239548    
330     2.32779       0.0211809          0.023506    
340     2.41932       0.0216263          0.0230833    
350     2.51148       0.0221617          0.0226867    
360     2.60314       0.0226283          0.0227323    
370     2.69469       0.0230007          0.0229683    
380     2.78639       0.0233078          0.0232778    
390     2.87826       0.0235496          0.023661    
400     2.97204       0.0235185          0.0239315    
450     3.42727       0.0235348          0.0241222    
500     3.83735       0.0255818          0.0228965    
550     4.20497       0.0266543          0.0219018    
600     4.50353       0.0261512          0.0220523    
650     4.73319       0.0280573          0.02156    
700     4.90617       0.0291906          0.0212362    
750     5.03011       0.0290441          0.0208402    
800     5.10387       0.0302298          0.018588    
850     5.14135       0.0315782          0.0168895    
900     5.15431       0.0325141          0.0168292    
950     5.1437       0.033046          0.0168179    
1000     5.11836       0.033279          0.0163483    
1500     4.83969       0.0354596          0.0182478    
2000     4.8433       0.0379427          0.0186653    
2500     4.98475       0.036097          0.0178812    
3000     5.14444       0.0337258          0.0151491    
3500     5.25337       0.0346024          0.0203636    
4000     5.28692       0.034235          0.016705    
4500     5.26043       0.0349064          0.0152905    
5000     5.21662       0.0340076          0.0164318    
5500     5.16482       0.0317483          0.017612    
6000     5.11374       0.0306052          0.018144    
6500     5.08612       0.0328799          0.0189721    
7000     5.0821       0.032585          0.0165131    
7500     5.08869       0.0318437          0.0161052    
8000     5.10321       0.0314647          0.0178685    
8500     5.12977       0.0317193          0.0172245    
9000     5.17403       0.0318804          0.0162608    
9500     5.24207       0.0311351          0.0174037    
