10     0.0698014       0.0823024          0.0737835    
20     0.136709       0.0599398          0.0546154    
30     0.207807       0.0480886          0.0464073    
40     0.276778       0.0428158          0.0406754    
50     0.341583       0.0367397          0.0376713    
60     0.413043       0.034822          0.0352573    
70     0.48008       0.0296731          0.0300981    
80     0.553521       0.030067          0.0294167    
90     0.62684       0.0297162          0.0291963    
100     0.699082       0.0280258          0.0268276    
110     0.773441       0.0258489          0.0276819    
120     0.853863       0.027962          0.0251292    
130     0.933575       0.0264966          0.0265331    
140     1.0152       0.0257483          0.0278405    
150     1.09982       0.0259028          0.0280535    
160     1.18763       0.0255          0.0275456    
170     1.27584       0.0241941          0.0263936    
180     1.36418       0.0224711          0.0251664    
190     1.455       0.0219907          0.0249159    
200     1.54911       0.0226785          0.0255394    
210     1.64634       0.0232752          0.0262049    
220     1.74613       0.0233241          0.0264279    
230     1.84778       0.0233983          0.0263399    
240     1.95009       0.0239488          0.0257136    
250     2.05391       0.0244258          0.0253081    
260     2.16006       0.0244132          0.025981    
270     2.26786       0.0239942          0.0274701    
280     2.37635       0.0235751          0.0289089    
290     2.48434       0.0237024          0.0289706    
300     2.59146       0.0242563          0.0280487    
310     2.69827       0.0249109          0.0269593    
320     2.8054       0.0254463          0.0263562    
330     2.91264       0.0256282          0.0268572    
340     3.0187       0.0257782          0.0274694    
350     3.12358       0.0258963          0.0281931    
360     3.22596       0.0262054          0.0282113    
370     3.32574       0.0265996          0.0279298    
380     3.42318       0.0270202          0.0275664    
390     3.51828       0.0274672          0.0271212    
400     3.611       0.0279531          0.0270393    
450     4.03257       0.0286896          0.0265365    
500     4.37268       0.0281037          0.0233145    
550     4.62027       0.0304716          0.0203727    
600     4.7857       0.0303795          0.0201051    
650     4.88746       0.0315137          0.0198929    
700     4.93155       0.0322876          0.0185433    
750     4.93182       0.032767          0.016842    
800     4.90639       0.0354049          0.0176134    
850     4.86557       0.0369081          0.0182178    
900     4.81949       0.0361724          0.0174544    
950     4.7675       0.0368594          0.0165969    
1000     4.71403       0.0398147          0.0162136    
1500     4.42688       0.0412736          0.0182347    
2000     4.49196       0.0390091          0.0205835    
2500     4.65912       0.0400357          0.0182947    
3000     4.78315       0.0370196          0.0197945    
3500     4.82913       0.0380694          0.0174545    
4000     4.80331       0.0363739          0.017081    
4500     4.74932       0.0350876          0.0167618    
5000     4.69969       0.0333866          0.0175694    
5500     4.65858       0.0335434          0.0178832    
6000     4.6342       0.0350005          0.0178505    
6500     4.62765       0.0351198          0.019696    
7000     4.64281       0.0332378          0.0196838    
7500     4.67233       0.0323278          0.0190356    
8000     4.71249       0.0325818          0.0187742    
8500     4.76154       0.0316529          0.0205321    
9000     4.82339       0.0305063          0.0222365    
9500     4.90242       0.0302694          0.0215566    
