10     0.0978624       0.0769994          0.0701423    
20     0.187908       0.0590882          0.0539686    
30     0.288311       0.046745          0.0466008    
40     0.386026       0.0405035          0.040159    
50     0.488679       0.0360169          0.0416265    
60     0.585799       0.0354495          0.0342911    
70     0.69116       0.0320318          0.0365308    
80     0.801068       0.0315581          0.0326743    
90     0.913087       0.0287622          0.0294411    
100     1.03565       0.0291486          0.0319108    
110     1.15935       0.029868          0.0337743    
120     1.28199       0.030099          0.032014    
130     1.41759       0.0291145          0.03083    
140     1.55367       0.0280967          0.0301298    
150     1.69033       0.0272679          0.0301085    
160     1.83254       0.0264887          0.0308425    
170     1.97794       0.0267669          0.0312503    
180     2.12501       0.0280801          0.0311756    
190     2.27373       0.0294074          0.0316522    
200     2.42216       0.0302591          0.0325933    
210     2.56867       0.030677          0.0333313    
220     2.71188       0.0306906          0.0335176    
230     2.85276       0.0304551          0.03332    
240     2.99199       0.0301442          0.0326828    
250     3.12655       0.0298814          0.0319483    
260     3.25443       0.0298323          0.0314171    
270     3.37472       0.0300372          0.0311081    
280     3.48898       0.030358          0.0307531    
290     3.59848       0.0307548          0.0298263    
300     3.70265       0.0311359          0.0287051    
310     3.80067       0.0315009          0.0277663    
320     3.89166       0.031743          0.0276863    
330     3.97495       0.0318343          0.0287388    
340     4.05192       0.0319699          0.029732    
350     4.12258       0.0321499          0.0306657    
360     4.18847       0.0327819          0.0297774    
370     4.24862       0.0335286          0.0282009    
380     4.30262       0.0342638          0.0264393    
390     4.35047       0.0349875          0.0244927    
400     4.38948       0.0352048          0.0235984    
450     4.50497       0.0353537          0.0219494    
500     4.53012       0.0373415          0.0203986    
550     4.48885       0.0395322          0.0221613    
600     4.408       0.0416575          0.0212138    
650     4.31732       0.0438879          0.0195825    
700     4.22064       0.0437057          0.0183386    
750     4.12487       0.0417876          0.0179579    
800     4.04159       0.0418943          0.018645    
850     3.96852       0.0431653          0.0192224    
900     3.9053       0.0449957          0.0191477    
950     3.85195       0.0461642          0.0194077    
1000     3.80786       0.0461629          0.0202009    
1500     3.71895       0.0443969          0.0236919    
2000     3.86787       0.0421541          0.0203961    
2500     4.00029       0.0410187          0.0216797    
3000     4.00484       0.0423423          0.0205859    
3500     3.9708       0.0378331          0.0185761    
4000     3.89295       0.039793          0.0189572    
4500     3.85867       0.0374871          0.0199657    
5000     3.82323       0.0373811          0.0206978    
5500     3.81013       0.0370882          0.0202006    
6000     3.83998       0.0373676          0.0220001    
6500     3.87006       0.0394491          0.0236195    
7000     3.92548       0.0378912          0.0212716    
7500     4.00269       0.0361282          0.0212431    
8000     4.09181       0.0351132          0.023657    
8500     4.17512       0.033881          0.023298    
9000     4.26028       0.0329043          0.0219404    
9500     4.35629       0.0327207          0.0216866    
