10     0.0842374       0.0783512          0.0841905    
20     0.166604       0.0571142          0.0610618    
30     0.254153       0.0459917          0.0466967    
40     0.337091       0.0442686          0.038685    
50     0.423136       0.0365612          0.0353155    
60     0.512336       0.0366182          0.0334125    
70     0.60475       0.0306889          0.0307626    
80     0.697414       0.0324805          0.0316654    
90     0.793299       0.0315719          0.0288958    
100     0.888877       0.0289919          0.0329561    
110     0.989043       0.0287905          0.0300678    
120     1.09188       0.0266346          0.0274197    
130     1.2056       0.0265667          0.0272286    
140     1.31828       0.0277515          0.0277725    
150     1.43195       0.0285396          0.0289833    
160     1.55356       0.0273247          0.0311645    
170     1.67691       0.0261123          0.0306332    
180     1.80011       0.0257789          0.027618    
190     1.92583       0.026208          0.0270048    
200     2.05387       0.026934          0.0287917    
210     2.18303       0.0271657          0.0296384    
220     2.31233       0.0267714          0.0286911    
230     2.44185       0.0264035          0.0277119    
240     2.57116       0.0267783          0.0283819    
250     2.7001       0.0273976          0.029136    
260     2.82973       0.0282771          0.0291658    
270     2.95824       0.0291534          0.0284404    
280     3.0841       0.0299285          0.0276883    
290     3.2047       0.0302203          0.0279423    
300     3.31975       0.0301621          0.0287385    
310     3.43058       0.0299938          0.0294039    
320     3.53824       0.0299023          0.02913    
330     3.64293       0.0300868          0.0274167    
340     3.74272       0.0302737          0.0256108    
350     3.83761       0.030463          0.0237121    
360     3.92481       0.0303497          0.0231852    
370     4.00585       0.0301869          0.0233074    
380     4.08147       0.030069          0.0236886    
390     4.15169       0.029996          0.024329    
400     4.21765       0.030393          0.0247793    
450     4.47672       0.0329879          0.0246768    
500     4.62173       0.0331091          0.0214604    
550     4.67802       0.0342418          0.0190033    
600     4.67333       0.0396012          0.0189163    
650     4.62659       0.0399887          0.0190783    
700     4.55574       0.0398048          0.0193109    
750     4.4758       0.0406163          0.0193174    
800     4.39843       0.0400267          0.0182203    
850     4.32263       0.0400208          0.0180599    
900     4.25052       0.0413635          0.0194559    
950     4.18529       0.0425782          0.0197386    
1000     4.13013       0.0429965          0.0182318    
1500     3.96534       0.0422114          0.0214126    
2000     4.10241       0.0420288          0.0222359    
2500     4.24594       0.0403715          0.0206193    
3000     4.30985       0.0390196          0.019397    
3500     4.29002       0.0400376          0.0202082    
4000     4.22863       0.039075          0.0187256    
4500     4.15661       0.0377856          0.0185251    
5000     4.12343       0.0358223          0.0202848    
5500     4.09661       0.0367844          0.0204522    
6000     4.08926       0.0375883          0.0205967    
6500     4.13334       0.0346036          0.0217778    
7000     4.17167       0.0339371          0.0208368    
7500     4.22136       0.0343533          0.0200171    
8000     4.28827       0.0349514          0.0199686    
8500     4.3765       0.0345847          0.0201856    
9000     4.47231       0.0339591          0.020621    
9500     4.56044       0.0338924          0.021232    
