10     0.130216       0.0810391          0.0859196    
20     0.262434       0.0565202          0.0590366    
30     0.396117       0.048526          0.051452    
40     0.537809       0.0434353          0.0408025    
50     0.688414       0.0399198          0.0403142    
60     0.840056       0.0359931          0.0395404    
70     1.01206       0.0361529          0.0411535    
80     1.18398       0.0357498          0.0385767    
90     1.3737       0.0351358          0.0364073    
100     1.56427       0.034152          0.0386306    
110     1.75499       0.0334298          0.0385214    
120     1.95566       0.0345689          0.0382443    
130     2.16156       0.0359179          0.038183    
140     2.36018       0.0347882          0.0359799    
150     2.54997       0.0331985          0.0337778    
160     2.73437       0.0346266          0.0349713    
170     2.91087       0.0359979          0.0363051    
180     3.07726       0.0364408          0.036459    
190     3.23266       0.037268          0.0359778    
200     3.3752       0.0384214          0.0350648    
210     3.50344       0.039128          0.033855    
220     3.61734       0.0392564          0.0325602    
230     3.71855       0.0393076          0.0311684    
240     3.80899       0.0398346          0.0297554    
250     3.88805       0.0402994          0.0285563    
260     3.95529       0.0402957          0.0278935    
270     4.01155       0.0399653          0.027693    
280     4.05749       0.0397242          0.0276371    
290     4.09283       0.0402915          0.0273972    
300     4.11965       0.0413814          0.0269226    
310     4.1386       0.0425342          0.0263798    
320     4.15024       0.0433178          0.0257763    
330     4.15655       0.0433596          0.0251857    
340     4.15736       0.0433316          0.0246265    
350     4.15265       0.0432338          0.0240987    
360     4.14195       0.0436462          0.0237291    
370     4.12764       0.0443004          0.0234361    
380     4.11013       0.0450445          0.0231835    
390     4.08942       0.0458783          0.0229713    
400     4.06821       0.0467313          0.022689    
450     3.93693       0.0488585          0.0218842    
500     3.78033       0.0481758          0.0214418    
550     3.64418       0.0486759          0.0195082    
600     3.51438       0.0469016          0.0198058    
650     3.40399       0.0486591          0.0205779    
700     3.31452       0.0506456          0.0201653    
750     3.24405       0.0514341          0.0191895    
800     3.18928       0.0519926          0.0206896    
850     3.14832       0.0524188          0.022065    
900     3.11848       0.0527626          0.0220881    
950     3.09728       0.0527196          0.0217994    
1000     3.08232       0.0522454          0.0216675    
1500     3.16328       0.0507062          0.0224663    
2000     3.29176       0.0487803          0.0222161    
2500     3.31612       0.045937          0.0217717    
3000     3.2531       0.045386          0.021108    
3500     3.17247       0.0432931          0.0215413    
4000     3.14434       0.0439          0.0243897    
4500     3.16331       0.0417382          0.0239897    
5000     3.17496       0.0415609          0.0240681    
5500     3.21278       0.0403751          0.0250859    
6000     3.28273       0.0391297          0.0262334    
6500     3.36568       0.0371183          0.0260955    
7000     3.47049       0.0387049          0.0256103    
7500     3.56182       0.0394063          0.0243281    
8000     3.64299       0.0383266          0.0229708    
8500     3.75199       0.0373853          0.0234509    
9000     3.87675       0.0363594          0.0245707    
9500     4.00286       0.0349552          0.0249523    
