10     0.299068       0.0759084          0.068395    
20     0.688903       0.0637369          0.0691508    
30     1.1694       0.0729104          0.0645623    
40     1.66311       0.050684          0.067017    
50     2.10407       0.0635919          0.0725852    
60     2.43995       0.0586424          0.0482184    
70     2.67666       0.0680124          0.0522719    
80     2.82223       0.0628954          0.0423085    
90     2.89237       0.0704542          0.0366572    
100     2.91586       0.0732103          0.0442753    
110     2.90194       0.0741541          0.0506791    
120     2.86358       0.0765          0.0276339    
130     2.81084       0.065141          0.0299285    
140     2.747       0.0655712          0.0340967    
150     2.67745       0.074009          0.0357715    
160     2.6072       0.0754603          0.0379194    
170     2.5361       0.0761786          0.0351546    
180     2.46561       0.078362          0.028032    
190     2.39691       0.0834365          0.0229783    
200     2.33107       0.087831          0.0219223    
210     2.2679       0.0836842          0.023488    
220     2.20807       0.072005          0.0263156    
230     2.15199       0.0612349          0.0294697    
240     2.10062       0.062496          0.0310388    
250     2.05293       0.0669334          0.0317869    
260     2.00876       0.0726422          0.0312195    
270     1.96751       0.0768793          0.0299    
280     1.92915       0.0805107          0.0284591    
290     1.8934       0.0817732          0.0279671    
300     1.85999       0.0815615          0.0283597    
310     1.82903       0.0810498          0.0290393    
320     1.80043       0.0816324          0.0297555    
330     1.77405       0.0842633          0.0301396    
340     1.75002       0.0866611          0.0305118    
350     1.72834       0.0888259          0.030872    
360     1.70968       0.0877703          0.0313339    
370     1.69312       0.0855397          0.0318124    
380     1.67841       0.0830028          0.0322733    
390     1.66556       0.0801594          0.0327168    
400     1.65414       0.0797008          0.0330404    
450     1.60976       0.0768583          0.0336585    
500     1.58336       0.0717226          0.0362288    
550     1.58068       0.0887735          0.042472    
600     1.58912       0.0855315          0.0412606    
650     1.59309       0.0870947          0.0353651    
700     1.60249       0.0899437          0.0303583    
750     1.62066       0.0891434          0.0286609    
800     1.64435       0.0788735          0.0302827    
850     1.66751       0.0696505          0.0314401    
900     1.68575       0.0671468          0.0302959    
950     1.70047       0.0680181          0.029673    
1000     1.71087       0.0698694          0.030401    
1500     1.69739       0.0639418          0.027893    
2000     1.61816       0.0609528          0.0274588    
2500     1.6161       0.0583352          0.0350291    
3000     1.67999       0.0582741          0.0349743    
3500     1.78505       0.054731          0.034165    
4000     1.88817       0.0545402          0.0343601    
4500     2.01385       0.051755          0.0328792    
5000     2.17426       0.0488605          0.0318032    
5500     2.3157       0.0504132          0.0318162    
6000     2.45764       0.0493624          0.0306252    
6500     2.61506       0.0433154          0.0304479    
7000     2.75885       0.0427769          0.0286871    
7500     2.89694       0.042908          0.0280071    
8000     3.03054       0.0418031          0.0285487    
8500     3.1503       0.038779          0.0284415    
9000     3.27822       0.0360261          0.0279828    
9500     3.43867       0.0359837          0.0275539    
