10     0.109847       0.0823322          0.0800158    
20     0.221259       0.0560747          0.052954    
30     0.332547       0.0451163          0.0461373    
40     0.449582       0.039131          0.042685    
50     0.567779       0.0353017          0.0392886    
60     0.690548       0.0352817          0.03814    
70     0.819334       0.0359313          0.0366932    
80     0.956753       0.0329282          0.0412716    
90     1.09758       0.0319149          0.03872    
100     1.2442       0.0317701          0.0364917    
110     1.39503       0.0315816          0.0338261    
120     1.55537       0.0321502          0.0336765    
130     1.71937       0.0319752          0.0354882    
140     1.8834       0.0303262          0.0357421    
150     2.04921       0.0291695          0.0349593    
160     2.22013       0.0309918          0.0352303    
170     2.39001       0.0320782          0.0348981    
180     2.55569       0.0314851          0.0341062    
190     2.71884       0.0311261          0.035234    
200     2.87748       0.0314126          0.0372538    
210     3.02926       0.0319113          0.0368687    
220     3.17263       0.0323768          0.0338127    
230     3.30879       0.0326876          0.0307856    
240     3.43848       0.0324755          0.0309967    
250     3.55974       0.0324583          0.0317214    
260     3.67159       0.0333549          0.032061    
270     3.77319       0.0349516          0.0314584    
280     3.86515       0.0365239          0.0305569    
290     3.94642       0.0370069          0.0294292    
300     4.01846       0.0366736          0.0282967    
310     4.08222       0.0361686          0.0271732    
320     4.13861       0.0359176          0.0262104    
330     4.18914       0.0364192          0.0255364    
340     4.23267       0.0370714          0.0249143    
350     4.2692       0.0378741          0.0243441    
360     4.29673       0.0385729          0.0234566    
370     4.31802       0.0391949          0.0225763    
380     4.33382       0.0397955          0.0218197    
390     4.34414       0.0403746          0.0211867    
400     4.35119       0.0409742          0.0213271    
450     4.33559       0.0424635          0.0225418    
500     4.25435       0.0423773          0.0199533    
550     4.14523       0.0433326          0.0191167    
600     4.02122       0.0415371          0.0195846    
650     3.90746       0.0439637          0.018328    
700     3.80363       0.0461882          0.0178362    
750     3.71021       0.0466406          0.018606    
800     3.63002       0.0472356          0.0188133    
850     3.56593       0.0477433          0.0193015    
900     3.51864       0.0480623          0.0202785    
950     3.48411       0.0477928          0.0209579    
1000     3.458       0.0469974          0.0210833    
1500     3.45301       0.0462367          0.024829    
2000     3.6034       0.0473021          0.021598    
2500     3.68294       0.0416217          0.0230357    
3000     3.65038       0.0432628          0.0184765    
3500     3.58958       0.0432041          0.0206615    
4000     3.53473       0.0414796          0.0208828    
4500     3.4925       0.0420909          0.0223552    
5000     3.4958       0.0413968          0.025096    
5500     3.52715       0.0395948          0.02352    
6000     3.57779       0.0379209          0.0233172    
6500     3.65044       0.0369354          0.0231145    
7000     3.70663       0.036251          0.0228088    
7500     3.77095       0.035506          0.02259    
8000     3.85526       0.03485          0.0226092    
8500     3.97166       0.0351076          0.0232636    
9000     4.09029       0.0354722          0.0236454    
9500     4.17798       0.035034          0.0227471    
