10     0.0657017       0.0802177          0.0720099    
20     0.126261       0.0565812          0.0529658    
30     0.189459       0.044854          0.0467443    
40     0.250037       0.0424106          0.0367415    
50     0.313771       0.0387246          0.0363393    
60     0.374262       0.0320751          0.0308082    
70     0.440274       0.0308195          0.0339001    
80     0.501429       0.0305861          0.0279218    
90     0.568493       0.0280735          0.0265521    
100     0.633615       0.0273955          0.0285833    
110     0.702847       0.0255228          0.0289343    
120     0.771316       0.0252793          0.0275173    
130     0.841988       0.0244007          0.0265745    
140     0.913018       0.0235218          0.0244349    
150     0.984536       0.0230623          0.0232485    
160     1.05762       0.0232578          0.0259141    
170     1.13415       0.023385          0.0272673    
180     1.21463       0.0231921          0.026137    
190     1.29832       0.0229582          0.0258095    
200     1.38356       0.0227756          0.0264249    
210     1.46838       0.0225695          0.026081    
220     1.55265       0.0224483          0.0246065    
230     1.63847       0.0225678          0.0232342    
240     1.72834       0.0232222          0.0233764    
250     1.82014       0.0239568          0.0239815    
260     1.9131       0.0246321          0.0249719    
270     2.00688       0.0250083          0.02588    
280     2.1021       0.0251365          0.0266277    
290     2.19987       0.0246629          0.0265133    
300     2.29916       0.0239063          0.025935    
310     2.39912       0.0231356          0.0253701    
320     2.49882       0.0226721          0.0254128    
330     2.5972       0.0228315          0.0264674    
340     2.69556       0.0231315          0.0275608    
350     2.79391       0.023572          0.028693    
360     2.89441       0.0238753          0.02877    
370     2.99474       0.0240852          0.0284069    
380     3.09416       0.0242636          0.0279048    
390     3.19266       0.0244108          0.0272636    
400     3.28807       0.024438          0.0271535    
450     3.72862       0.0251138          0.0269268    
500     4.11445       0.0266245          0.0243004    
550     4.44132       0.0271201          0.0224271    
600     4.68582       0.0298727          0.0210197    
650     4.85308       0.0308238          0.021419    
700     4.9606       0.0312981          0.021025    
750     5.02247       0.0319634          0.0191233    
800     5.04528       0.0323892          0.016631    
850     5.03867       0.033007          0.0153678    
900     5.01361       0.0339567          0.0161545    
950     4.9767       0.0347929          0.017309    
1000     4.93661       0.0352896          0.0178783    
1500     4.63637       0.0384099          0.0177927    
2000     4.66571       0.0347359          0.0184196    
2500     4.84178       0.0373191          0.0196166    
3000     4.96971       0.0359031          0.0185339    
3500     5.05584       0.0361175          0.018206    
4000     5.05138       0.0335445          0.0177459    
4500     5.02389       0.0356457          0.0169184    
5000     4.97993       0.0353787          0.0164889    
5500     4.92562       0.0336263          0.0168314    
6000     4.87721       0.0325639          0.0163952    
6500     4.85765       0.0325639          0.0169496    
7000     4.8738       0.0323038          0.0173634    
7500     4.89863       0.0323716          0.0186571    
8000     4.92382       0.0326398          0.020222    
8500     4.95495       0.0323801          0.0198057    
9000     4.99771       0.0319772          0.0188538    
9500     5.05823       0.031876          0.0190252    
