20   -0.0978624   -0.0910574    -0.100505  -0.0920768  -0.111616  
30   -0.187908   -0.101392    -0.110277  -0.103369  -0.129857  
40   -0.288311   -0.0987044    -0.107275  -0.10167  -0.1346  
50   -0.386026   -0.103806    -0.113344  -0.108392  -0.15166  
60   -0.488679   -0.098113    -0.107093  -0.103093  -0.159061  
70   -0.585799   -0.106464    -0.116391  -0.113081  -0.182836  
80   -0.69116   -0.110985    -0.120699  -0.118537  -0.198341  
90   -0.801068   -0.113208    -0.123939  -0.122743  -0.222113  
100   -0.913087   -0.123806    -0.135035  -0.135035  -0.246267  
110   -1.03565   -0.124911    -0.135753  -0.13696  -0.259665  
120   -1.15935   -0.123965    -0.135957  -0.138628  -0.285992  
130   -1.28199   -0.136984    -0.149453  -0.153619  -0.312336  
140   -1.41759   -0.137436    -0.149614  -0.155032  -0.329206  
150   -1.55367   -0.138062    -0.150721  -0.157766  -0.351286  
160   -1.69033   -0.143651    -0.156625  -0.16529  -0.375668  
170   -1.83254   -0.14686    -0.160036  -0.170292  -0.396477  
180   -1.97794   -0.148546    -0.161857  -0.173699  -0.414611  
190   -2.12501   -0.150215    -0.163612  -0.177  -0.429197  
200   -2.27373   -0.149906    -0.163217  -0.177998  -0.438151  
210   -2.42216   -0.147956    -0.160951  -0.176804  -0.444737  
220   -2.56867   -0.144633    -0.15739  -0.174367  -0.450607  
230   -2.71188   -0.142295    -0.155013  -0.173316  -0.45412  
240   -2.85276   -0.140598    -0.152895  -0.171949  -0.450506  
250   -2.99199   -0.135878    -0.147754  -0.167464  -0.440612  
260   -3.12655   -0.129111    -0.140179  -0.159736  -0.428534  
270   -3.25443   -0.121468    -0.131993  -0.15174  -0.417618  
280   -3.37472   -0.115368    -0.125349  -0.145165  -0.406834  
290   -3.48898   -0.11057    -0.120192  -0.140342  -0.394004  
300   -3.59848   -0.105185    -0.114253  -0.134226  -0.376474  
310   -3.70265   -0.0989664    -0.10748  -0.127153  -0.356624  
320   -3.80067   -0.0918556    -0.0996047  -0.118332  -0.33529  
330   -3.89166   -0.0840915    -0.0912722  -0.10939  -0.3155  
340   -3.97495   -0.0777128    -0.084325  -0.101708  -0.296013  
350   -4.05192   -0.071334    -0.0773779  -0.0941364  -0.275393  
360   -4.12258   -0.0665132    -0.072174  -0.0882473  -0.252305  
370   -4.18847   -0.0607286    -0.0658353  -0.0808563  -0.224524  
380   -4.24862   -0.0545106    -0.0590633  -0.0729082  -0.196131  
390   -4.30262   -0.0482927    -0.0522913  -0.0642706  -0.167561  
400   -4.35047   -0.0393603    -0.0425223  -0.0527561  -0.139397  
450   -4.38948   -0.115625    -0.116815  -0.121182  -0.1416  
500   -4.50497   -0.0251291    -0.024894  -0.023623  0.0161202  
550   -4.53012   0.04141    0.0426359  0.0488921  0.131512  
600   -4.48885   0.0810321    0.0827269  0.0919895  0.19028  
650   -4.408   0.0908737    0.0925511  0.102845  0.216466  
700   -4.31732   0.0968674    0.0986226  0.110295  0.226985  
750   -4.22064   0.0959465    0.0975358  0.108915  0.216858  
800   -4.12487   0.083442    0.084847  0.0956611  0.195455  
850   -4.04159   0.0732056    0.0744292  0.0845032  0.174715  
900   -3.96852   0.0633395    0.064388  0.0735704  0.152538  
950   -3.9053   0.0534442    0.0543144  0.0623942  0.129686  
1000   -3.85195   0.0441685    0.0448821  0.0518621  0.107301  
1500   -3.80786   0.0888925    0.0887607  0.0866305  0.0549553  
2000   -3.71895   -0.148953    -0.149273  -0.155989  -0.21617  
2500   -3.86787   -0.132433    -0.132586  -0.136521  -0.157343  
3000   -4.00029   -0.00454237    -0.00443792  -0.000952782  0.0106718  
3500   -4.00484   0.0340536    0.0341818  0.0391016  0.0902549  
4000   -3.9708   0.0778619    0.077982  0.0830732  0.10949  
4500   -3.89295   0.0342821    0.0343037  0.0353126  0.0648715  
5000   -3.85867   0.0354485    0.0355344  0.0401356  0.048539  
5500   -3.82323   0.0130954    0.0130539  0.0103618  -0.019181  
6000   -3.81013   -0.0298529    -0.0298956  -0.0327827  -0.0693876  
6500   -3.83998   -0.0300873    -0.0301689  -0.0361358  -0.106077  
7000   -3.87006   -0.0554316    -0.0555497  -0.0647956  -0.167362  
7500   -3.92548   -0.0772267    -0.0773802  -0.0900917  -0.208355  
8000   -4.00269   -0.0891386    -0.0893059  -0.103512  -0.223013  
8500   -4.09181   -0.0833333    -0.0834834  -0.0975329  -0.234777  
9000   -4.17512   -0.0851723    -0.0853374  -0.101804  -0.264129  
9500   -4.26028   -0.096027    -0.0962076  -0.115216  -0.290653  
10000   -4.35629   -0.104586    -0.104766  -0.124584  -0.304744  
