20   -0.299068   -0.394473    -0.436783  -0.399124  -0.481506  
30   -0.688903   -0.485589    -0.531487  -0.495777  -0.633695  
40   -1.1694   -0.498442    -0.541195  -0.512614  -0.681854  
50   -1.66311   -0.44483    -0.479566  -0.460236  -0.624335  
60   -2.10407   -0.338644    -0.363027  -0.352292  -0.487567  
70   -2.43995   -0.238619    -0.255371  -0.249867  -0.348542  
80   -2.67666   -0.146565    -0.155292  -0.1534  -0.205532  
90   -2.82223   -0.070603    -0.074543  -0.0741235  -0.0931844  
100   -2.89237   -0.0235142    -0.0235919  -0.0235919  -0.00957406  
110   -2.91586   0.0141949    0.0168146  0.0171162  0.0570127  
120   -2.90194   0.0388298    0.0430984  0.0440601  0.103086  
130   -2.86358   0.0533309    0.0586742  0.0604768  0.136986  
140   -2.81084   0.0645101    0.0705855  0.0732997  0.161386  
150   -2.747   0.0702498    0.0765379  0.0800343  0.175252  
160   -2.67745   0.0709581    0.0773238  0.0815715  0.183777  
170   -2.6072   0.071807    0.0781964  0.0831596  0.190004  
180   -2.5361   0.0711869    0.0774741  0.0830549  0.192076  
190   -2.46561   0.069369    0.0754026  0.0814145  0.191532  
200   -2.39691   0.0664902    0.0722821  0.078692  0.188847  
210   -2.33107   0.0637867    0.0693155  0.0760334  0.184386  
220   -2.2679   0.0604114    0.0656165  0.0725115  0.177111  
230   -2.20807   0.0566143    0.0613845  0.0682222  0.168727  
240   -2.15199   0.0518608    0.0563001  0.0631464  0.160073  
250   -2.10062   0.0481472    0.0522555  0.0590366  0.152651  
260   -2.05293   0.0445997    0.0484275  0.0551748  0.145492  
270   -2.00876   0.0416453    0.0452135  0.0518896  0.138999  
280   -1.96751   0.0387319    0.0420404  0.0485875  0.13248  
290   -1.92915   0.0360983    0.039202  0.0456894  0.125956  
300   -1.8934   0.0337221    0.0366063  0.0429449  0.119344  
310   -1.85999   0.0312589    0.0339237  0.0400645  0.112244  
320   -1.82903   0.0288835    0.0313511  0.037303  0.104745  
330   -1.80043   0.0266256    0.028882  0.0345621  0.0959089  
340   -1.77405   0.0242558    0.026301  0.0316621  0.0870377  
350   -1.75002   0.021886    0.02372  0.0285886  0.0782716  
360   -1.72834   0.0188393    0.0204039  0.0248394  0.0697421  
370   -1.70968   0.0167158    0.0181137  0.0222172  0.062963  
380   -1.69312   0.0148451    0.0160762  0.0198105  0.0571086  
390   -1.67841   0.0129744    0.0140388  0.0174073  0.0519261  
400   -1.66556   0.0115234    0.0125042  0.0157164  0.0477964  
450   -1.65414   0.0444616    0.0451415  0.0477234  0.0694674  
500   -1.60976   0.0264222    0.0266383  0.0275245  0.0290759  
550   -1.58336   0.00266584    0.00255515  0.00197893  -0.00673837  
600   -1.58068   -0.00846375    -0.00865884  -0.00946004  -0.0133659  
650   -1.58912   -0.00397981    -0.00406139  -0.00457834  -0.0181222  
700   -1.59309   -0.00942431    -0.00969321  -0.0115405  -0.0369705  
750   -1.60249   -0.0182163    -0.0186376  -0.0216859  -0.0539256  
800   -1.62066   -0.0237393    -0.0241712  -0.0275362  -0.058244  
850   -1.64435   -0.0231983    -0.0235596  -0.0265236  -0.0520077  
900   -1.66751   -0.0182738    -0.0185677  -0.0211263  -0.0416888  
950   -1.68575   -0.0147488    -0.0149808  -0.0170909  -0.029119  
1000   -1.70047   -0.0104112    -0.0105513  -0.0118618  -0.0106076  
1500   -1.71087   0.0134911    0.0136279  0.0158154  0.0419125  
2000   -1.69739   0.0792412    0.0793313  0.0811759  0.0930257  
2500   -1.61816   0.00205155    0.00195102  -0.000783933  -0.0309496  
3000   -1.6161   -0.0639047    -0.0640297  -0.0681093  -0.121541  
3500   -1.67999   -0.105089    -0.105305  -0.113475  -0.182701  
4000   -1.78505   -0.103132    -0.10329  -0.11021  -0.197221  
4500   -1.88817   -0.125719    -0.12601  -0.140364  -0.270858  
5000   -2.01385   -0.160441    -0.160715  -0.175543  -0.301845  
5500   -2.17426   -0.14146    -0.141703  -0.156263  -0.298979  
6000   -2.3157   -0.141977    -0.142257  -0.16067  -0.328732  
6500   -2.45764   -0.157448    -0.157714  -0.176543  -0.34286  
7000   -2.61506   -0.143819    -0.144071  -0.163313  -0.336008  
7500   -2.75885   -0.138117    -0.138363  -0.158495  -0.331365  
8000   -2.89694   -0.13362    -0.133855  -0.153765  -0.328553  
8500   -3.03054   -0.119784    -0.120004  -0.140722  -0.357305  
9000   -3.1503   -0.127954    -0.12822  -0.154911  -0.435228  
9500   -3.27822   -0.160488    -0.1608  -0.193842  -0.502012  
10000   -3.43867   -0.186166    -0.186476  -0.220671  -0.531527  
