20   -0.0754203   -0.0759872    -0.0842867  -0.0768986  -0.0926349  
30   -0.150499   -0.0761582    -0.0840366  -0.0779127  -0.101126  
40   -0.225779   -0.0782575    -0.0852041  -0.0805805  -0.10805  
50   -0.303263   -0.0758747    -0.0827782  -0.0788623  -0.114256  
60   -0.378393   -0.0780552    -0.0848452  -0.0818274  -0.123645  
70   -0.455694   -0.0789127    -0.0859008  -0.0835675  -0.133393  
80   -0.533833   -0.0814432    -0.0891925  -0.0874687  -0.149607  
90   -0.614416   -0.0865521    -0.0940412  -0.0932098  -0.159911  
100   -0.700135   -0.0832522    -0.0907029  -0.0907029  -0.168409  
110   -0.782562   -0.0869006    -0.0951748  -0.0960954  -0.187564  
120   -0.868544   -0.0937086    -0.101581  -0.103333  -0.19917  
130   -0.961379   -0.0892977    -0.0973585  -0.100049  -0.213177  
140   -1.04978   -0.0959477    -0.10486  -0.108831  -0.234558  
150   -1.14474   -0.101092    -0.109953  -0.114882  -0.249737  
160   -1.24485   -0.100287    -0.109316  -0.115344  -0.264577  
170   -1.34414   -0.10317    -0.112584  -0.119921  -0.283431  
180   -1.44626   -0.106905    -0.116569  -0.125178  -0.301716  
190   -1.55209   -0.109109    -0.118919  -0.128747  -0.32003  
200   -1.66011   -0.111184    -0.121211  -0.132376  -0.339471  
210   -1.77019   -0.114636    -0.125033  -0.13775  -0.356966  
220   -1.88367   -0.117082    -0.127559  -0.14154  -0.368197  
230   -1.99959   -0.117401    -0.127566  -0.142259  -0.377862  
240   -2.11586   -0.114403    -0.124633  -0.140558  -0.392852  
250   -2.22912   -0.115131    -0.125425  -0.142596  -0.411959  
260   -2.34311   -0.118687    -0.129511  -0.148757  -0.429596  
270   -2.46059   -0.12151    -0.132342  -0.152802  -0.438816  
280   -2.5809   -0.121584    -0.132422  -0.154099  -0.442762  
290   -2.70128   -0.118938    -0.129322  -0.15119  -0.444661  
300   -2.81906   -0.115611    -0.125813  -0.148425  -0.447676  
310   -2.93354   -0.113566    -0.123585  -0.1469  -0.450841  
320   -3.04599   -0.112172    -0.122149  -0.146446  -0.452875  
330   -3.15705   -0.11077    -0.120511  -0.14531  -0.451774  
340   -3.26674   -0.108135    -0.117641  -0.142889  -0.447414  
350   -3.37382   -0.1055    -0.114772  -0.14033  -0.441042  
360   -3.47829   -0.102005    -0.110896  -0.136406  -0.43241  
370   -3.5793   -0.0980383    -0.106585  -0.132041  -0.42169  
380   -3.67639   -0.0941823    -0.102386  -0.12771  -0.409673  
390   -3.76966   -0.0903263    -0.0981862  -0.123206  -0.396246  
400   -3.85911   -0.0858544    -0.0932792  -0.117776  -0.381115  
450   -3.94414   -0.359114    -0.364529  -0.385274  -0.589533  
500   -4.30265   -0.252421    -0.256102  -0.272115  -0.412679  
550   -4.55466   -0.160897    -0.162936  -0.172797  -0.244189  
600   -4.71533   -0.0794679    -0.0802584  -0.0842989  -0.0998265  
650   -4.7947   -0.0214984    -0.0214752  -0.0210192  0.0103194  
700   -4.8162   0.0204299    0.0210584  0.0254437  0.089498  
750   -4.79584   0.0465614    0.0475564  0.0548158  0.137797  
800   -4.74939   0.0591226    0.0602545  0.069142  0.164233  
850   -4.6904   0.0659228    0.0671153  0.0770305  0.175618  
900   -4.62461   0.065521    0.066682  0.0769766  0.172127  
950   -4.55921   0.0622245    0.0632684  0.0730366  0.161994  
1000   -4.4971   0.0553202    0.0562618  0.0655765  0.147577  
1500   -4.44189   0.245877    0.245867  0.245584  0.232465  
2000   -4.19601   -0.102546    -0.102849  -0.109262  -0.171349  
2500   -4.29852   -0.161316    -0.161531  -0.167191  -0.214952  
3000   -4.45982   -0.105512    -0.10566  -0.110268  -0.115652  
3500   -4.56531   -0.00345096    -0.00343045  -0.00256903  0.0156245  
4000   -4.56876   0.0364287    0.0365407  0.0414836  0.0921469  
4500   -4.53235   0.0690462    0.069163  0.0748111  0.111442  
5000   -4.46331   0.0453062    0.0453562  0.0479692  0.0683707  
5500   -4.41801   0.0230742    0.0231113  0.025279  0.0390062  
6000   -4.39494   0.0151473    0.0151628  0.0160764  0.01475  
6500   -4.3798   0.00118738    0.00117658  0.000247288  -0.022995  
7000   -4.37861   -0.0156945    -0.0157403  -0.0194358  -0.0746833  
7500   -4.3943   -0.0379291    -0.038018  -0.0455102  -0.129329  
8000   -4.43222   -0.0576917    -0.0578105  -0.0683548  -0.17321  
8500   -4.4899   -0.0695629    -0.0696959  -0.082244  -0.206053  
9000   -4.55945   -0.0783716    -0.0785169  -0.0929935  -0.23454  
9500   -4.6378   -0.0840969    -0.0842543  -0.100815  -0.253441  
10000   -4.72188   -0.0908218    -0.0909789  -0.108262  -0.265377  
