20   -0.0657017   -0.0612004    -0.0670298  -0.0618431  -0.0742811  
30   -0.126261   -0.063755    -0.0686979  -0.0648643  -0.0793514  
40   -0.189459   -0.0612624    -0.0674018  -0.0633194  -0.0872766  
50   -0.250037   -0.0643295    -0.069722  -0.0667074  -0.093887  
60   -0.313771   -0.0611082    -0.0666894  -0.0642036  -0.0997279  
70   -0.374262   -0.0666041    -0.0719325  -0.0701563  -0.107473  
80   -0.440274   -0.0618355    -0.0679727  -0.0666069  -0.115541  
90   -0.501429   -0.0676978    -0.0734027  -0.0727689  -0.125325  
100   -0.568493   -0.0658091    -0.0720068  -0.0720068  -0.134354  
110   -0.633615   -0.0699135    -0.0760484  -0.0767303  -0.14472  
120   -0.702847   -0.069171    -0.0754875  -0.0768924  -0.153407  
130   -0.771316   -0.0713837    -0.0777988  -0.0799392  -0.163082  
140   -0.841988   -0.0717416    -0.078148  -0.0809976  -0.171462  
150   -0.913018   -0.0722354    -0.0787065  -0.0823109  -0.182139  
160   -0.984536   -0.0738274    -0.0805376  -0.085023  -0.197534  
170   -1.05762   -0.0773238    -0.0844427  -0.089997  -0.215328  
180   -1.13415   -0.081302    -0.0887005  -0.0952981  -0.232275  
190   -1.21463   -0.08453    -0.0921603  -0.099799  -0.24538  
200   -1.29832   -0.0861003    -0.093824  -0.102416  -0.254337  
210   -1.38356   -0.0856536    -0.093191  -0.102417  -0.263808  
220   -1.46838   -0.0851266    -0.0927709  -0.102978  -0.278167  
230   -1.55265   -0.0867022    -0.0947131  -0.106312  -0.295402  
240   -1.63847   -0.0907784    -0.0989631  -0.111726  -0.311971  
250   -1.72834   -0.0927296    -0.101088  -0.115054  -0.325976  
260   -1.82014   -0.0938875    -0.102271  -0.117203  -0.340205  
270   -1.9131   -0.0947311    -0.103244  -0.119354  -0.356211  
280   -2.00688   -0.0961806    -0.104822  -0.12214  -0.372193  
290   -2.1021   -0.0987606    -0.10767  -0.126497  -0.386877  
300   -2.19987   -0.100286    -0.109255  -0.129206  -0.397322  
310   -2.29916   -0.100958    -0.109987  -0.131076  -0.40623  
320   -2.39912   -0.100683    -0.109538  -0.131182  -0.414456  
330   -2.49882   -0.0993611    -0.108214  -0.130839  -0.425787  
340   -2.5972   -0.0993465    -0.108198  -0.131803  -0.437421  
350   -2.69556   -0.0993319    -0.108183  -0.133148  -0.447965  
360   -2.79391   -0.101511    -0.110578  -0.136727  -0.456484  
370   -2.89441   -0.101328    -0.110312  -0.13722  -0.458753  
380   -2.99474   -0.100407    -0.109309  -0.136956  -0.458499  
390   -3.09416   -0.0994848    -0.108305  -0.136307  -0.456463  
400   -3.19266   -0.0963506    -0.104778  -0.13274  -0.452547  
450   -3.28807   -0.441366    -0.448762  -0.477357  -0.789833  
500   -3.72862   -0.386555    -0.393058  -0.4217  -0.712707  
550   -4.11445   -0.327443    -0.332531  -0.357588  -0.59145  
600   -4.44132   -0.244905    -0.248589  -0.268401  -0.437503  
650   -4.68582   -0.167529    -0.169948  -0.184284  -0.298057  
700   -4.85308   -0.107688    -0.109197  -0.118886  -0.182114  
750   -4.9606   -0.0619496    -0.0626241  -0.0672065  -0.0848397  
800   -5.02247   -0.0228218    -0.0229565  -0.0236728  -0.0028765  
850   -5.04528   0.00664257    0.00696798  0.00985968  0.0572927  
900   -5.03867   0.0251252    0.0257076  0.031088  0.0937401  
950   -5.01361   0.0369913    0.0376796  0.0442405  0.116165  
1000   -4.9767   0.0401665    0.0409227  0.0485515  0.126957  
1500   -4.93661   0.300266    0.300468  0.303449  0.313634  
2000   -4.63637   -0.0293706    -0.02961  -0.0347753  -0.0943249  
2500   -4.66571   -0.176094    -0.176376  -0.183816  -0.246045  
3000   -4.84178   -0.12796    -0.128152  -0.134302  -0.192342  
3500   -4.96971   -0.0861324    -0.0861684  -0.0873497  -0.0846139  
4000   -5.05584   0.00447003    0.00449458  0.0056365  0.0245174  
4500   -5.05138   0.0274958    0.027566  0.0310661  0.0667405  
5000   -5.02389   0.0439723    0.0440579  0.0487585  0.0982699  
5500   -4.97993   0.0543184    0.0544196  0.060442  0.105958  
6000   -4.92562   0.0484158    0.0484766  0.0522659  0.0661144  
6500   -4.87721   0.0195529    0.0195393  0.018431  -0.00479301  
7000   -4.85765   -0.0161472    -0.0161918  -0.0197782  -0.0504437  
7500   -4.8738   -0.0248332    -0.0248741  -0.0282867  -0.0642559  
8000   -4.89863   -0.0251958    -0.0252457  -0.0296108  -0.080461  
8500   -4.92382   -0.0311394    -0.0312055  -0.0375433  -0.114581  
9000   -4.95495   -0.0427695    -0.0428641  -0.0524747  -0.163203  
9500   -4.99771   -0.0605387    -0.060662  -0.0738303  -0.198349  
10000   -5.05823   -0.0765102    -0.0766329  -0.0901249  -0.212779  
