20   -0.109847   -0.112359    -0.120728  -0.113303  -0.130808  
30   -0.221259   -0.112362    -0.122059  -0.11451  -0.144052  
40   -0.332547   -0.118206    -0.128389  -0.121713  -0.160803  
50   -0.449582   -0.119506    -0.13067  -0.124726  -0.17818  
60   -0.567779   -0.124062    -0.135736  -0.13054  -0.199831  
70   -0.690548   -0.130136    -0.142316  -0.13825  -0.224923  
80   -0.819334   -0.138793    -0.15118  -0.148424  -0.249268  
90   -0.956753   -0.142283    -0.155393  -0.153935  -0.272787  
100   -1.09758   -0.148088    -0.161336  -0.161336  -0.297451  
110   -1.2442   -0.152403    -0.166563  -0.168139  -0.327483  
120   -1.39503   -0.161965    -0.17665  -0.179915  -0.35737  
130   -1.55537   -0.165657    -0.180512  -0.185467  -0.377359  
140   -1.71937   -0.165669    -0.180448  -0.187022  -0.398131  
150   -1.8834   -0.167512    -0.182871  -0.191406  -0.422423  
160   -2.04921   -0.172638    -0.188052  -0.19833  -0.440602  
170   -2.22013   -0.171551    -0.186592  -0.198273  -0.450032  
180   -2.39001   -0.167321    -0.182071  -0.195159  -0.456186  
190   -2.55569   -0.164762    -0.179262  -0.193717  -0.458827  
200   -2.71884   -0.160199    -0.174199  -0.189703  -0.453788  
210   -2.87748   -0.153253    -0.166453  -0.182504  -0.44466  
220   -3.02926   -0.14476    -0.157292  -0.173909  -0.434147  
230   -3.17263   -0.137503    -0.149513  -0.16674  -0.42185  
240   -3.30879   -0.130947    -0.142198  -0.159564  -0.404594  
250   -3.43848   -0.12243    -0.132922  -0.150257  -0.381886  
260   -3.55974   -0.112912    -0.122441  -0.139189  -0.355532  
270   -3.67159   -0.10256    -0.111222  -0.127372  -0.326126  
280   -3.77319   -0.0928327    -0.100628  -0.115985  -0.296943  
290   -3.86515   -0.0820301    -0.0888463  -0.103016  -0.268023  
300   -3.94642   -0.0727245    -0.0787944  -0.0920427  -0.24272  
310   -4.01846   -0.0643497    -0.0696734  -0.0818341  -0.218172  
320   -4.08222   -0.0569321    -0.0617598  -0.0733223  -0.193451  
330   -4.13861   -0.0509974    -0.0551953  -0.065666  -0.165083  
340   -4.18914   -0.0439305    -0.0474987  -0.0567369  -0.13586  
350   -4.23267   -0.0368635    -0.0398021  -0.0472872  -0.107  
360   -4.2692   -0.0277696    -0.029905  -0.0358243  -0.0794078  
370   -4.29673   -0.0214716    -0.0231135  -0.0277729  -0.0576415  
380   -4.31802   -0.0159346    -0.0170832  -0.0203724  -0.037874  
390   -4.33382   -0.0103976    -0.0110528  -0.0132048  -0.0193442  
400   -4.34414   -0.00710974    -0.00761127  -0.00907784  -0.001733  
450   -4.35119   0.0157176    0.0167522  0.0209433  0.0873273  
500   -4.33559   0.0814324    0.0831722  0.0910015  0.190363  
550   -4.25435   0.109368    0.11157  0.122597  0.2456  
600   -4.14523   0.124264    0.126528  0.138815  0.259183  
650   -4.02122   0.113972    0.115915  0.127721  0.246809  
700   -3.90746   0.104031    0.105813  0.117597  0.231108  
750   -3.80363   0.0935894    0.0951637  0.106391  0.208118  
800   -3.71021   0.0803338    0.0816404  0.0916379  0.174253  
850   -3.63002   0.0642003    0.0651686  0.0730705  0.136627  
900   -3.56593   0.0473767    0.0481058  0.054397  0.103305  
950   -3.51864   0.034585    0.0351206  0.0400597  0.0782061  
1000   -3.48411   0.0261553    0.0265567  0.0304386  0.0614326  
1500   -3.458   0.00496749    0.00473534  0.00109194  -0.0401408  
2000   -3.45301   -0.150424    -0.15068  -0.156017  -0.200863  
2500   -3.6034   -0.0795372    -0.0794949  -0.0782708  -0.0589165  
3000   -3.68294   0.0325663    0.0326182  0.034324  0.06772  
3500   -3.65038   0.0608169    0.0609163  0.0646515  0.0986726  
4000   -3.58958   0.0548592    0.0549572  0.0591584  0.0914815  
4500   -3.53473   0.0422341    0.0422772  0.0442292  0.0413133  
5000   -3.4925   -0.00330238    -0.00334808  -0.00598769  -0.0346489  
5500   -3.4958   -0.0313587    -0.0314228  -0.0353831  -0.088906  
6000   -3.52715   -0.050659    -0.0507826  -0.0589464  -0.134339  
6500   -3.57779   -0.0726539    -0.0727529  -0.0798154  -0.146151  
7000   -3.65044   -0.0562046    -0.0563078  -0.0642472  -0.151985  
7500   -3.70663   -0.0643314    -0.0644663  -0.0757681  -0.205369  
8000   -3.77095   -0.0843369    -0.0845056  -0.100534  -0.272425  
8500   -3.85526   -0.116419    -0.116634  -0.136701  -0.298686  
9000   -3.97166   -0.11865    -0.118827  -0.136014  -0.260881  
9500   -4.09029   -0.0877089    -0.0878472  -0.101906  -0.223351  
10000   -4.17798   -0.0660459    -0.0661852  -0.0815031  -0.220756  
