20   -0.16016   -0.163375    -0.179007  -0.16511  -0.19584  
30   -0.321799   -0.176301    -0.19236  -0.179872  -0.227887  
40   -0.496315   -0.188557    -0.206686  -0.194713  -0.264954  
50   -0.682824   -0.201094    -0.220551  -0.209527  -0.310191  
60   -0.881822   -0.224686    -0.244536  -0.235714  -0.355029  
70   -1.1043   -0.226045    -0.247645  -0.240431  -0.394895  
80   -1.32795   -0.248482    -0.270849  -0.265879  -0.443955  
90   -1.57395   -0.249057    -0.270929  -0.2685  -0.465673  
100   -1.82058   -0.246029    -0.268086  -0.268086  -0.48779  
110   -2.06415   -0.246633    -0.268358  -0.270766  -0.502183  
120   -2.30837   -0.237792    -0.25797  -0.262432  -0.491474  
130   -2.54391   -0.217333    -0.235708  -0.241797  -0.464371  
140   -2.75919   -0.196481    -0.212985  -0.220268  -0.434061  
150   -2.95383   -0.17637    -0.191168  -0.199325  -0.402239  
160   -3.12854   -0.157736    -0.170884  -0.179567  -0.369719  
170   -3.28481   -0.14019    -0.151826  -0.160761  -0.329139  
180   -3.4237   -0.121289    -0.131085  -0.139654  -0.277111  
190   -3.54389   -0.0967322    -0.104153  -0.111429  -0.224195  
200   -3.63978   -0.0751418    -0.0809515  -0.0872366  -0.182465  
210   -3.71427   -0.0599049    -0.0647804  -0.0706022  -0.146886  
220   -3.77363   -0.0490444    -0.0527972  -0.0576438  -0.111825  
230   -3.82225   -0.0363353    -0.0389077  -0.0424674  -0.0742916  
240   -3.85829   -0.0239071    -0.0254971  -0.0277946  -0.0353003  
250   -3.88202   -0.0128816    -0.0134891  -0.0143051  0.000328162  
260   -3.89483   -0.000972168    -0.000556819  0.000320269  0.0325768  
270   -3.89584   0.00781285    0.0088523  0.010969  0.0555637  
280   -3.88814   0.0148167    0.0164802  0.0199758  0.0743806  
290   -3.87351   0.0189137    0.0206793  0.0245066  0.0913437  
300   -3.85479   0.0215213    0.023625  0.0284089  0.109003  
310   -3.8335   0.0253157    0.0277575  0.0335734  0.126476  
320   -3.80845   0.0298191    0.0327254  0.0398971  0.142576  
330   -3.77895   0.0335114    0.0365951  0.0445482  0.153253  
340   -3.74578   0.0355015    0.0387626  0.0475367  0.160513  
350   -3.71064   0.0374916    0.04093  0.0502798  0.166117  
360   -3.67353   0.0372262    0.0405154  0.0500296  0.170299  
370   -3.63667   0.0370311    0.0403438  0.0502945  0.174898  
380   -3.60001   0.0372938    0.0406299  0.0510223  0.179053  
390   -3.56309   0.0375565    0.040916  0.0518643  0.182308  
400   -3.5259   0.0381966    0.0415933  0.0528845  0.184162  
450   -3.48808   0.18006    0.183019  0.194458  0.319497  
500   -3.30835   0.15485    0.157486  0.169114  0.289208  
550   -3.1538   0.134892    0.137046  0.147681  0.249607  
600   -3.01915   0.106149    0.107799  0.116642  0.195263  
650   -2.91318   0.0767203    0.0778978  0.0849456  0.151124  
700   -2.83659   0.0593114    0.0602715  0.0665391  0.115952  
750   -2.77739   0.0455027    0.0460524  0.0499067  0.0779144  
800   -2.73195   0.0246933    0.0250265  0.0274847  0.0464848  
850   -2.70729   0.0146108    0.0148629  0.0168796  0.0285538  
900   -2.69271   0.0107572    0.0108892  0.0119675  0.0103423  
950   -2.68196   0.0027802    0.00274038  0.00229162  -0.00881255  
1000   -2.67918   -0.0044489    -0.00457056  -0.00586811  -0.0201694  
1500   -2.68361   -0.142667    -0.142948  -0.147275  -0.182309  
2000   -2.82625   -0.0729406    -0.0728861  -0.0716604  -0.0529124  
2500   -2.8992   0.0533261    0.0534822  0.0576488  0.0965558  
3000   -2.84589   0.0691207    0.0691918  0.0713974  0.08698  
3500   -2.77678   0.0328089    0.0328903  0.0358759  0.0497016  
4000   -2.74398   0.0077269    0.00765862  0.00454795  -0.0273618  
4500   -2.73624   -0.0435154    -0.0435935  -0.047459  -0.0907889  
5000   -2.77975   -0.0536954    -0.0538125  -0.0602895  -0.127072  
5500   -2.83343   -0.0734063    -0.0735587  -0.0828902  -0.196637  
6000   -2.90682   -0.10947    -0.109718  -0.126011  -0.265775  
6500   -3.01626   -0.138191    -0.138356  -0.150018  -0.249743  
7000   -3.15444   -0.0871956    -0.0873444  -0.0986626  -0.229824  
7500   -3.24161   -0.0965368    -0.0967407  -0.113621  -0.273253  
8000   -3.33813   -0.118419    -0.118642  -0.137805  -0.305751  
8500   -3.45652   -0.116431    -0.116642  -0.136369  -0.32422  
9000   -3.57293   -0.119188    -0.119411  -0.141623  -0.354207  
9500   -3.69209   -0.127742    -0.127978  -0.152791  -0.380609  
10000   -3.81981   -0.134902    -0.135138  -0.161102  -0.397137  
