20   -0.0698014   -0.0677158    -0.0751211  -0.0685269  -0.0822646  
30   -0.136709   -0.0716047    -0.0761651  -0.0726175  -0.0868499  
40   -0.207807   -0.0696321    -0.0751143  -0.0715996  -0.0912573  
50   -0.276778   -0.0656048    -0.0724687  -0.068805  -0.101257  
60   -0.341583   -0.0721506    -0.0783473  -0.0755974  -0.111689  
70   -0.413043   -0.0677522    -0.0742176  -0.0720582  -0.118297  
80   -0.48008   -0.074177    -0.0807945  -0.0793242  -0.132159  
90   -0.553521   -0.074048    -0.0806111  -0.0798821  -0.138395  
100   -0.62684   -0.0729607    -0.0794387  -0.0794387  -0.146601  
110   -0.699082   -0.075148    -0.0822646  -0.083057  -0.162701  
120   -0.773441   -0.0812134    -0.0883421  -0.0899275  -0.176213  
130   -0.853863   -0.0805153    -0.0877462  -0.0901585  -0.186381  
140   -0.933575   -0.0824512    -0.0899428  -0.0932793  -0.201186  
150   -1.0152   -0.0854988    -0.0933395  -0.0977009  -0.216915  
160   -1.09982   -0.0886915    -0.0966711  -0.101998  -0.228839  
170   -1.18763   -0.0890858    -0.0969763  -0.103122  -0.239687  
180   -1.27584   -0.08923    -0.0972553  -0.104399  -0.254224  
190   -1.36418   -0.0917486    -0.100106  -0.108485  -0.272289  
200   -1.455   -0.0950665    -0.103677  -0.113272  -0.291127  
210   -1.54911   -0.0982129    -0.107113  -0.118014  -0.308834  
220   -1.64634   -0.100799    -0.109881  -0.122015  -0.324401  
230   -1.74613   -0.102669    -0.111818  -0.125053  -0.339215  
240   -1.84778   -0.103345    -0.112628  -0.127092  -0.355317  
250   -1.95009   -0.104858    -0.114276  -0.129999  -0.37193  
260   -2.05391   -0.107223    -0.116899  -0.134113  -0.387498  
270   -2.16006   -0.108891    -0.118628  -0.137035  -0.399297  
280   -2.26786   -0.109578    -0.119376  -0.138989  -0.409066  
290   -2.37635   -0.109056    -0.118708  -0.139079  -0.418254  
300   -2.48434   -0.108188    -0.117813  -0.139194  -0.428303  
310   -2.59146   -0.10788    -0.117478  -0.139864  -0.437788  
320   -2.69827   -0.108206    -0.117906  -0.141574  -0.446149  
330   -2.8054   -0.108309    -0.117902  -0.142374  -0.450743  
340   -2.91264   -0.107117    -0.116603  -0.141854  -0.452358  
350   -3.0187   -0.105924    -0.115305  -0.141147  -0.452321  
360   -3.12358   -0.103387    -0.112461  -0.138568  -0.450648  
370   -3.22596   -0.100766    -0.109629  -0.136106  -0.448302  
380   -3.32574   -0.0984025    -0.107055  -0.133853  -0.445158  
390   -3.42318   -0.0960389    -0.104481  -0.131567  -0.440958  
400   -3.51828   -0.093632    -0.10184  -0.129038  -0.435753  
450   -3.611   -0.422335    -0.429234  -0.455804  -0.732024  
500   -4.03257   -0.340701    -0.345943  -0.368894  -0.587703  
550   -4.37268   -0.24799    -0.251611  -0.269362  -0.425579  
600   -4.62027   -0.165686    -0.167991  -0.180478  -0.280724  
650   -4.7857   -0.101905    -0.103215  -0.110818  -0.150024  
700   -4.88746   -0.0441327    -0.0444806  -0.0464771  -0.0362736  
750   -4.93155   -0.000241274    6.40466e-05  0.00243578  0.0443703  
800   -4.93182   0.0255011    0.0261182  0.0311096  0.0931966  
850   -4.90639   0.04091    0.0416878  0.0482425  0.122733  
900   -4.86557   0.0461703    0.0470535  0.0549879  0.14089  
950   -4.81949   0.0520998    0.0530674  0.0621968  0.152463  
1000   -4.7675   0.0535803    0.0545375  0.0640993  0.150959  
1500   -4.71403   0.287156    0.287257  0.288678  0.289986  
2000   -4.42688   -0.0651096    -0.0653869  -0.0712875  -0.131706  
2500   -4.49196   -0.167183    -0.167419  -0.17367  -0.227892  
3000   -4.65912   -0.124056    -0.124258  -0.130657  -0.162482  
3500   -4.78315   -0.0459838    -0.0459992  -0.0464283  -0.0349041  
4000   -4.82913   0.0258356    0.0259318  0.0301889  0.0699725  
4500   -4.80331   0.0540033    0.0540915  0.0583895  0.0987826  
5000   -4.74932   0.0496401    0.0497265  0.054393  0.0907366  
5500   -4.69969   0.0411125    0.0411708  0.0445704  0.0669928  
6000   -4.65858   0.0243855    0.0244143  0.0261652  0.0292035  
6500   -4.6342   0.00654793    0.00653528  0.00550023  -0.0163474  
7000   -4.62765   -0.0151706    -0.0152126  -0.0185909  -0.0594091  
7500   -4.64281   -0.0295246    -0.0295869  -0.0348304  -0.0927771  
8000   -4.67233   -0.0401725    -0.0402549  -0.0474795  -0.124678  
8500   -4.71249   -0.0490613    -0.0491607  -0.0586201  -0.164542  
9000   -4.76154   -0.0618641    -0.061992  -0.0748964  -0.215592  
9500   -4.82339   -0.0790438    -0.0792005  -0.0958463  -0.251993  
10000   -4.90242   -0.0950087    -0.0951646  -0.112319  -0.268271  
