20   -0.0842374   -0.08328    -0.0915301  -0.0841942  -0.100814  
30   -0.166604   -0.0883747    -0.0957191  -0.0900203  -0.111685  
40   -0.254153   -0.0837449    -0.0910671  -0.0861635  -0.116291  
50   -0.337091   -0.0869368    -0.0948301  -0.0905002  -0.129753  
60   -0.423136   -0.0901264    -0.0984851  -0.0947662  -0.144815  
70   -0.512336   -0.0933185    -0.101474  -0.098753  -0.156426  
80   -0.60475   -0.0936314    -0.102338  -0.100402  -0.169851  
90   -0.697414   -0.0968208    -0.105252  -0.104315  -0.181569  
100   -0.793299   -0.0965698    -0.10551  -0.10551  -0.195745  
110   -0.888877   -0.101165    -0.110176  -0.11118  -0.214193  
120   -0.989043   -0.103951    -0.114027  -0.116271  -0.239774  
130   -1.09188   -0.114878    -0.125311  -0.128796  -0.260004  
140   -1.2056   -0.113803    -0.123861  -0.128338  -0.274577  
150   -1.31828   -0.114862    -0.125668  -0.131683  -0.297401  
160   -1.43195   -0.122851    -0.133971  -0.1414  -0.318707  
170   -1.55356   -0.124567    -0.135597  -0.144185  -0.334152  
180   -1.67691   -0.124443    -0.135604  -0.145535  -0.351237  
190   -1.80011   -0.126996    -0.138459  -0.149934  -0.370007  
200   -1.92583   -0.129327    -0.140926  -0.153828  -0.386498  
210   -2.05387   -0.130454    -0.142081  -0.156294  -0.400929  
220   -2.18303   -0.130591    -0.14224  -0.157775  -0.413945  
230   -2.31233   -0.130817    -0.14247  -0.159296  -0.426381  
240   -2.44185   -0.130599    -0.142218  -0.160287  -0.439603  
250   -2.57116   -0.130228    -0.141814  -0.161118  -0.450342  
260   -2.7001   -0.130929    -0.142602  -0.1633  -0.457397  
270   -2.82973   -0.129784    -0.141217  -0.162754  -0.455944  
280   -2.95824   -0.127097    -0.138291  -0.160614  -0.450507  
290   -3.0841   -0.121773    -0.132297  -0.154401  -0.443402  
300   -3.2047   -0.116179    -0.126322  -0.148742  -0.438226  
310   -3.31975   -0.11192    -0.121684  -0.144334  -0.432678  
320   -3.43058   -0.108727    -0.118345  -0.141689  -0.42542  
330   -3.53824   -0.10571    -0.114888  -0.138161  -0.411456  
340   -3.64293   -0.100764    -0.109501  -0.132604  -0.393822  
350   -3.74272   -0.0958178    -0.104114  -0.126526  -0.374539  
360   -3.83761   -0.0880424    -0.0955521  -0.117001  -0.35411  
370   -3.92481   -0.0818169    -0.0888397  -0.109645  -0.336397  
380   -4.00585   -0.0763526    -0.0828884  -0.102942  -0.319114  
390   -4.08147   -0.0708882    -0.0769372  -0.0963277  -0.301499  
400   -4.15169   -0.0666065    -0.0723328  -0.0911429  -0.283251  
450   -4.21765   -0.25946    -0.263007  -0.276472  -0.394115  
500   -4.47672   -0.145206    -0.146912  -0.154181  -0.201301  
550   -4.62173   -0.0563288    -0.0566998  -0.0583035  -0.0482807  
600   -4.67802   0.00474962    0.00530991  0.0087268  0.0641266  
650   -4.67333   0.0468607    0.0479592  0.0548674  0.140772  
700   -4.62659   0.0710058    0.0723773  0.0815846  0.181966  
750   -4.55574   0.0800951    0.0815044  0.0916643  0.195276  
800   -4.4758   0.0775188    0.078894  0.0895686  0.197145  
850   -4.39843   0.0759527    0.0773028  0.0884789  0.194696  
900   -4.32263   0.0722473    0.0734908  0.0844598  0.182245  
950   -4.25052   0.0653484    0.0664269  0.076457  0.160907  
1000   -4.18529   0.0552634    0.0561669  0.0650293  0.131899  
1500   -4.13013   0.164774    0.164637  0.162395  0.134855  
2000   -3.96534   -0.137099    -0.137394  -0.143596  -0.199666  
2500   -4.10241   -0.143553    -0.143741  -0.148646  -0.184992  
3000   -4.24594   -0.0639126    -0.0639545  -0.0651566  -0.0585145  
3500   -4.30985   0.0198375    0.0199077  0.0226498  0.057918  
4000   -4.29002   0.0614044    0.0615467  0.0677432  0.121525  
4500   -4.22863   0.0720335    0.0721349  0.0769679  0.103369  
5000   -4.15661   0.0331845    0.0332162  0.0348685  0.0600009  
5500   -4.12343   0.0268263    0.0268836  0.0301854  0.0309856  
6000   -4.09661   0.00733927    0.00728449  0.00349614  -0.0437781  
6500   -4.08926   -0.0440836    -0.0441457  -0.0486219  -0.0954184  
7000   -4.13334   -0.0383402    -0.0384162  -0.0443163  -0.112865  
7500   -4.17167   -0.049698    -0.0498041  -0.0587043  -0.159246  
8000   -4.22136   -0.0669248    -0.0670596  -0.0795263  -0.212086  
8500   -4.28827   -0.0882559    -0.0884231  -0.104123  -0.246095  
9000   -4.3765   -0.0958268    -0.0959885  -0.111923  -0.251999  
9500   -4.47231   -0.0881483    -0.0883038  -0.104492  -0.250725  
10000   -4.56044   -0.0847514    -0.0849071  -0.102036  -0.257756  
