20   -0.130216   -0.133568    -0.145566  -0.134914  -0.158108  
30   -0.262434   -0.134973    -0.14668  -0.137558  -0.173678  
40   -0.396117   -0.143054    -0.155157  -0.14713  -0.196222  
50   -0.537809   -0.152278    -0.166267  -0.158937  -0.224506  
60   -0.688414   -0.153277    -0.168093  -0.161486  -0.253781  
70   -0.840056   -0.173665    -0.188643  -0.183644  -0.289987  
80   -1.01206   -0.173758    -0.190392  -0.186686  -0.323239  
90   -1.18398   -0.191642    -0.208935  -0.207013  -0.361529  
100   -1.3737   -0.192449    -0.209364  -0.209364  -0.381289  
110   -1.56427   -0.192688    -0.210455  -0.212432  -0.412077  
120   -1.75499   -0.202738    -0.221359  -0.225495  -0.447491  
130   -1.95566   -0.207956    -0.226377  -0.232513  -0.462143  
140   -2.16156   -0.200549    -0.217898  -0.22559  -0.463073  
150   -2.36018   -0.19167    -0.208569  -0.217931  -0.463548  
160   -2.54997   -0.186204    -0.202422  -0.213199  -0.461999  
170   -2.73437   -0.17822    -0.193617  -0.205534  -0.452981  
180   -2.91087   -0.167999    -0.182447  -0.195219  -0.436861  
190   -3.07726   -0.156885    -0.170236  -0.183482  -0.414087  
200   -3.23266   -0.143903    -0.15608  -0.169487  -0.38468  
210   -3.3752   -0.129447    -0.140213  -0.153229  -0.352904  
220   -3.50344   -0.114966    -0.124574  -0.137222  -0.322266  
230   -3.61734   -0.102172    -0.110767  -0.12302  -0.292208  
240   -3.71855   -0.0912873    -0.0988584  -0.110452  -0.260489  
250   -3.80899   -0.0797917    -0.0863384  -0.0970448  -0.226827  
260   -3.88805   -0.0678593    -0.0733364  -0.0828671  -0.191855  
270   -3.95529   -0.0567734    -0.0613213  -0.0696837  -0.157143  
280   -4.01155   -0.0463456    -0.0499644  -0.056951  -0.123887  
290   -4.05749   -0.0356478    -0.0383769  -0.0439289  -0.091808  
300   -4.09283   -0.0270486    -0.0290691  -0.033331  -0.0637162  
310   -4.11965   -0.019097    -0.020409  -0.0232224  -0.0374798  
320   -4.1386   -0.0117248    -0.0125137  -0.0142543  -0.0124513  
330   -4.15024   -0.00634965    -0.00664281  -0.00718927  0.0122398  
340   -4.15655   -0.000786343    -0.000583756  0.000174602  0.035526  
350   -4.15736   0.00477697    0.00547529  0.00781966  0.0571771  
360   -4.15265   0.0108288    0.0119884  0.0154839  0.0760268  
370   -4.14195   0.0144679    0.0159155  0.0204141  0.0891347  
380   -4.12764   0.0177009    0.0194366  0.0250026  0.1007  
390   -4.11013   0.0209339    0.0229577  0.0291962  0.111128  
400   -4.08942   0.0214296    0.0233631  0.0299077  0.121269  
450   -4.06821   0.131592    0.134423  0.145469  0.273629  
500   -3.93693   0.15688    0.159429  0.170704  0.292748  
550   -3.78033   0.136424    0.138875  0.151066  0.27816  
600   -3.64418   0.130044    0.132261  0.144364  0.259828  
650   -3.51438   0.110597    0.112396  0.123249  0.222887  
700   -3.40399   0.0896302    0.0910561  0.100414  0.1835  
750   -3.31452   0.070588    0.0716953  0.0795599  0.147446  
800   -3.24405   0.0548664    0.0557254  0.0622535  0.114786  
850   -3.18928   0.0410266    0.0416482  0.0467073  0.0861679  
900   -3.14832   0.0298951    0.0303442  0.034199  0.063562  
950   -3.11848   0.0212341    0.021564  0.02457  0.0434409  
1000   -3.09728   0.0149836    0.0151895  0.0171259  0.0235909  
1500   -3.08232   -0.0809963    -0.0812991  -0.0860318  -0.135665  
2000   -3.16328   -0.128492    -0.12864  -0.131721  -0.155979  
2500   -3.29176   -0.0243565    -0.0242927  -0.0225109  0.00157653  
3000   -3.31612   0.0630415    0.0631874  0.0679352  0.112481  
3500   -3.2531   0.0806385    0.0807658  0.0854312  0.111313  
4000   -3.17247   0.0281323    0.0281047  0.0267678  0.0120079  
4500   -3.14434   -0.0189754    -0.019001  -0.0202489  -0.0290938  
5000   -3.16331   -0.0116555    -0.011685  -0.0133924  -0.0494747  
5500   -3.17496   -0.0378344    -0.037942  -0.0445635  -0.115312  
6000   -3.21278   -0.0699574    -0.0700918  -0.079019  -0.173773  
6500   -3.28273   -0.0829785    -0.0831662  -0.0965203  -0.219425  
7000   -3.36568   -0.10483    -0.10502  -0.119571  -0.228221  
7500   -3.47049   -0.0913386    -0.0914818  -0.103297  -0.223977  
8000   -3.56182   -0.0811869    -0.0813359  -0.0954693  -0.263632  
8500   -3.64299   -0.109022    -0.109235  -0.12932  -0.321519  
9000   -3.75199   -0.124787    -0.12501  -0.147098  -0.35532  
9500   -3.87675   -0.126137    -0.126368  -0.150631  -0.372785  
10000   -4.00286   -0.131079    -0.13131  -0.156746  -0.387988  
