20   -0.205569   -0.224383    -0.245479  -0.22671  -0.268162  
30   -0.427629   -0.253456    -0.278964  -0.259118  -0.335373  
40   -0.678256   -0.281687    -0.309409  -0.290844  -0.404258  
50   -0.956904   -0.32091    -0.350082  -0.3338  -0.481191  
60   -1.2746   -0.332274    -0.361947  -0.348765  -0.524223  
70   -1.60357   -0.325234    -0.353521  -0.344105  -0.539019  
80   -1.92565   -0.311272    -0.338278  -0.332295  -0.540542  
90   -2.23391   -0.289345    -0.313255  -0.310615  -0.509854  
100   -2.52058   -0.247829    -0.26767  -0.26767  -0.452916  
110   -2.76619   -0.209281    -0.226856  -0.22879  -0.400164  
120   -2.9735   -0.179817    -0.192855  -0.195711  -0.32804  
130   -3.15185   -0.129531    -0.139246  -0.142418  -0.251864  
140   -3.28028   -0.0993864    -0.107088  -0.110441  -0.193153  
150   -3.3788   -0.0739055    -0.0789981  -0.0817473  -0.134357  
160   -3.45212   -0.0467536    -0.0497873  -0.0517069  -0.0770688  
170   -3.49853   -0.024478    -0.0257834  -0.0267086  -0.0273778  
180   -3.52285   -0.00734112    -0.00719934  -0.00696398  0.0146419  
190   -3.5302   0.00807144    0.0093456  0.0106999  0.0504632  
200   -3.52227   0.0187946    0.020959  0.0234579  0.0776183  
210   -3.50371   0.0271391    0.0297886  0.0330955  0.102161  
220   -3.47686   0.032565    0.0357752  0.0401339  0.125662  
230   -3.44465   0.0391587    0.0431021  0.0488452  0.147777  
240   -3.40593   0.0457479    0.0499872  0.0566345  0.164297  
250   -3.36065   0.0490677    0.0536028  0.0612204  0.174029  
260   -3.31208   0.0509615    0.0554588  0.063455  0.180239  
270   -3.26162   0.0504905    0.0549918  0.0634954  0.182784  
280   -3.21163   0.0505354    0.0550408  0.0640526  0.184826  
290   -3.1616   0.0496228    0.0539666  0.0631153  0.186136  
300   -3.11246   0.048381    0.0526523  0.0621209  0.187767  
310   -3.06455   0.0475688    0.0517678  0.0615401  0.188945  
320   -3.01745   0.0471419    0.0513454  0.0615731  0.189239  
330   -2.97078   0.046539    0.050617  0.0609873  0.186206  
340   -2.92469   0.0451309    0.0490834  0.0595683  0.181721  
350   -2.88   0.0437227    0.0475498  0.0578989  0.176638  
360   -2.8367   0.0408338    0.0443553  0.0544536  0.171542  
370   -2.79626   0.0387705    0.0421438  0.0521837  0.168463  
380   -2.75787   0.0371075    0.0403326  0.0502809  0.165355  
390   -2.72112   0.0354444    0.0385213  0.0485878  0.161818  
400   -2.68602   0.0350239    0.0380955  0.0482339  0.157096  
450   -2.65133   0.146686    0.148778  0.156803  0.238934  
500   -2.50488   0.102362    0.10408  0.111621  0.185009  
550   -2.40271   0.0829696    0.0841511  0.0899317  0.139497  
600   -2.31987   0.0529386    0.0536497  0.0573339  0.085315  
650   -2.26701   0.0285653    0.028942  0.031144  0.0524114  
700   -2.23849   0.0189989    0.0193157  0.021357  0.0340997  
750   -2.21953   0.0134451    0.0135562  0.0142609  0.0114861  
800   -2.20609   0.00122036    0.00114954  0.000486968  -0.0198565  
850   -2.20487   -0.0102977    -0.0106125  -0.0132595  -0.0415668  
900   -2.21513   -0.0184549    -0.0188039  -0.0219329  -0.0400895  
950   -2.23354   -0.0152638    -0.0154063  -0.0167567  -0.0328156  
1000   -2.24879   -0.0080779    -0.00822576  -0.00970964  -0.0405487  
1500   -2.25685   -0.133049    -0.133098  -0.133763  -0.134586  
2000   -2.3899   0.0538736    0.0540236  0.0571456  0.0824488  
2500   -2.33604   0.0618202    0.0618565  0.0628129  0.0720811  
3000   -2.27422   0.0390848    0.0391656  0.0416792  0.0207658  
3500   -2.23515   -0.0414057    -0.0414858  -0.0445268  -0.0750056  
4000   -2.27655   -0.0518749    -0.0519919  -0.0571492  -0.114308  
4500   -2.32841   -0.0811791    -0.0813521  -0.0899092  -0.177767  
5000   -2.40957   -0.107922    -0.108125  -0.119213  -0.213406  
5500   -2.51747   -0.105527    -0.105701  -0.116146  -0.210029  
6000   -2.62297   -0.0948368    -0.0950103  -0.106479  -0.222591  
6500   -2.71779   -0.103201    -0.10342  -0.119088  -0.275151  
7000   -2.82097   -0.129777    -0.130026  -0.149265  -0.33545  
7500   -2.95072   -0.145839    -0.146108  -0.168239  -0.368919  
8000   -3.09653   -0.15022    -0.150492  -0.174137  -0.373777  
8500   -3.24672   -0.142906    -0.143153  -0.166104  -0.35996  
9000   -3.38959   -0.132466    -0.132692  -0.154783  -0.33789  
9500   -3.52204   -0.119089    -0.119292  -0.140296  -0.327683  
10000   -3.6411   -0.106768    -0.106971  -0.129383  -0.333126  
