20   -0.058906   -0.0580888    -0.0624892  -0.0585811  -0.0675327  
30   -0.116502   -0.0577833    -0.0637751  -0.0591236  -0.0763952  
40   -0.173613   -0.0567404    -0.0623565  -0.0586128  -0.0808016  
50   -0.229733   -0.0598687    -0.0645313  -0.0620307  -0.0849411  
60   -0.289057   -0.0561419    -0.0618172  -0.0592916  -0.0903759  
70   -0.34457   -0.0575007    -0.0633333  -0.0613874  -0.102606  
80   -0.401423   -0.0641378    -0.0692362  -0.0681056  -0.108736  
90   -0.464993   -0.0577703    -0.0631823  -0.0625807  -0.110576  
100   -0.522162   -0.059676    -0.0648153  -0.0648153  -0.117705  
110   -0.581268   -0.0592227    -0.0648387  -0.065464  -0.128263  
120   -0.639868   -0.064052    -0.0696627  -0.0709107  -0.13895  
130   -0.703297   -0.0634589    -0.0691675  -0.0710723  -0.147978  
140   -0.766122   -0.0659156    -0.0718815  -0.0745342  -0.156711  
150   -0.831375   -0.0666446    -0.0723582  -0.0755356  -0.162202  
160   -0.897385   -0.0645399    -0.0703368  -0.0742056  -0.171799  
170   -0.961281   -0.0669303    -0.0731284  -0.0779621  -0.186138  
180   -1.02752   -0.070606    -0.0770119  -0.0827217  -0.19939  
190   -1.09742   -0.0722159    -0.0786933  -0.085183  -0.210887  
200   -1.16892   -0.0733839    -0.0799986  -0.0873627  -0.222879  
210   -1.24157   -0.0749964    -0.0817666  -0.0900601  -0.235765  
220   -1.31581   -0.0767533    -0.0836772  -0.0929307  -0.249154  
230   -1.3918   -0.0784648    -0.085535  -0.0957741  -0.26306  
240   -1.46948   -0.0801907    -0.0874287  -0.098718  -0.278448  
250   -1.54886   -0.0820751    -0.0894811  -0.101858  -0.293819  
260   -1.63012   -0.0845566    -0.0922138  -0.10585  -0.308371  
270   -1.71382   -0.086471    -0.0942352  -0.108927  -0.319984  
280   -1.79943   -0.0876734    -0.0955449  -0.111317  -0.330667  
290   -1.88623   -0.087671    -0.0954629  -0.111934  -0.341598  
300   -1.97304   -0.0878086    -0.0956729  -0.113172  -0.35475  
310   -2.05997   -0.0886201    -0.0965567  -0.115101  -0.368534  
320   -2.14771   -0.0900804    -0.0982364  -0.118195  -0.382276  
330   -2.23689   -0.0918143    -0.100027  -0.121038  -0.393704  
340   -2.32779   -0.0924498    -0.100719  -0.122795  -0.403563  
350   -2.41932   -0.0930853    -0.101411  -0.124405  -0.412987  
360   -2.51148   -0.0925776    -0.10081  -0.124601  -0.422875  
370   -2.60314   -0.0924616    -0.100709  -0.125458  -0.434528  
380   -2.69469   -0.0926231    -0.100885  -0.126595  -0.445294  
390   -2.78639   -0.0927847    -0.101061  -0.128124  -0.454896  
400   -2.87826   -0.0947225    -0.103183  -0.131335  -0.462429  
450   -2.97204   -0.45609    -0.463797  -0.493641  -0.825537  
500   -3.42727   -0.410865    -0.417966  -0.449324  -0.777697  
550   -3.83735   -0.368287    -0.374253  -0.40376  -0.692264  
600   -4.20497   -0.299091    -0.303846  -0.329689  -0.566904  
650   -4.50353   -0.230054    -0.233631  -0.255073  -0.445036  
700   -4.73319   -0.17328    -0.175948  -0.193324  -0.330973  
750   -4.90617   -0.124129    -0.12579  -0.137421  -0.220382  
800   -5.03011   -0.0738689    -0.0748482  -0.0820467  -0.121795  
850   -5.10387   -0.0375323    -0.0379695  -0.0413206  -0.045448  
900   -5.14135   -0.0129539    -0.0129738  -0.0128203  0.0171113  
950   -5.15431   0.0106457    0.0110123  0.014637  0.0660722  
1000   -5.1437   0.0253994    0.025949  0.0316265  0.0901118  
1500   -5.11836   0.278695    0.278923  0.282338  0.303461  
2000   -4.83969   -0.00363046    -0.00385964  -0.00875581  -0.060626  
2500   -4.8433   -0.141493    -0.141854  -0.151488  -0.240147  
3000   -4.98475   -0.159707    -0.159895  -0.165849  -0.231223  
3500   -5.14444   -0.108946    -0.109075  -0.113747  -0.139913  
4000   -5.25337   -0.0335553    -0.033555  -0.0333622  -0.0153303  
4500   -5.28692   0.0264996    0.0265782  0.0305122  0.0660415  
5000   -5.26043   0.0438243    0.0439016  0.0481483  0.0956136  
5500   -5.21662   0.0518094    0.0519122  0.0580571  0.106592  
6000   -5.16482   0.0510845    0.0511533  0.0555121  0.0807091  
6500   -5.11374   0.0276229    0.0276437  0.0289968  0.0299131  
7000   -5.08612   0.00402505    0.0040187  0.00338582  -0.00707424  
7500   -5.0821   -0.00659637    -0.00661276  -0.00808037  -0.0323029  
8000   -5.08869   -0.0145272    -0.0145631  -0.0177877  -0.0653961  
8500   -5.10321   -0.0265689    -0.0266323  -0.0328011  -0.116133  
9000   -5.12977   -0.0442657    -0.0443684  -0.0548777  -0.182561  
9500   -5.17403   -0.0680539    -0.0681962  -0.0834521  -0.228748  
10000   -5.24207   -0.0900509    -0.0901923  -0.105741  -0.247091  
